t0_1	t0_2	0		0		0		0		0		0		0		0		0		0		
t0_2	0		0		0		0		0		0		0		0		0		0		0		
t0_3	t0_4	t0_5	t0_6	t0_7	0		0		0		0		0		0		0		
0		0		0		0		0		0		0		0		0		0		0		0		
0		0		0		0		0		0		0		0		0		0		0		0		
0		0		0		0		0		0		0		0		0		0		0		0		
0		0		0		0		0		0		0		0		0		0		0		0		
t0_8	t0_9	t0_10	t0_11	t0_12	0		0		0		0		0		0		0		
0		0		0		0		0		0		0		0		0		0		0		0		
0		0		0		0		0		0		0		0		0		0		0		0		
0		0		0		0		0		0		0		0		0		0		0		0		
0		0		0		0		0		0		0		0		0		0		0		0		
0		0		0		0		0		0		0		0		0		0		0		0		
